state,colony_number,yield_per_colony,productions,stocks,average_price,value_of_prod,year,avg_temp,precipitation
Alabama,9000,54,73000,73000,240.0,1166000,2010,62.7,47.19
Alabama,9000,50,63000,63000,251.0,1130000,2011,63.8,50.71
Alabama,8000,54,65000,65000,247.0,1067000,2012,64.9,53.38
Alabama,7000,52,55000,55000,285.0,1037000,2013,62.6,64.7
Alabama,7000,53,26000,26000,353.0,1310000,2014,62.0,56.03
Alabama,7000,47,13000,13000,383.0,1260000,2015,64.6,61.36
Alabama,7000,52,33000,33000,345.0,1256000,2016,65.3,45.01
Alabama,7000,45,22000,22000,288.0,907000,2017,65.0,64.19
Alabama,6000,45,14000,14000,3.72,1004000,2018,64.5,64.4
Alabama,7000,42,44000,44000,3.38,994000,2019,65.4,56.3
Alabama,7000,39,66000,66000,5.52,1507000,2020,64.9,68.67
Alabama,8000,40,112000,112000,5.99,1917000,2021,64.2,65.16
Arizona,24000,77,665000,665000,152.0,2809000,2010,60.4,13.91
Arizona,23000,53,427000,427000,155.0,1889000,2011,60.3,9.63
Arizona,22000,46,253000,253000,179.0,1811000,2012,62.1,9.56
Arizona,29000,36,251000,251000,196.0,2046000,2013,60.5,12.13
Arizona,26000,39,193000,193000,192.0,1947000,2014,62.3,11.07
Arizona,26000,49,306000,306000,203.0,2586000,2015,61.8,14.39
Arizona,27000,46,261000,261000,197.0,2447000,2016,62.2,12.28
Arizona,22000,40,97000,97000,199.0,1751000,2017,63.0,9.47
Arizona,24000,38,109000,109000,3.01,2745000,2018,62.3,11.67
Arizona,23000,46,201000,201000,2.04,2158000,2019,60.3,14.69
Arizona,25000,36,360000,360000,2.38,2142000,2020,62.6,6.56
Arizona,26000,40,368000,368000,2.34,2434000,2021,62.1,12.57
Arkansas,25000,60,360000,360000,147.0,2205000,2010,61.2,38.79
Arkansas,22000,64,239000,239000,162.0,2281000,2011,61.8,55.84
Arkansas,25000,63,189000,189000,198.0,3119000,2012,63.6,39.81
Arkansas,22000,60,66000,66000,202.0,2666000,2013,59.6,54.24
Arkansas,21000,65,137000,137000,204.0,2785000,2014,58.7,47.91
Arkansas,24000,72,121000,121000,206.0,3560000,2015,61.4,67.31
Arkansas,24000,69,99000,99000,185.0,3064000,2016,62.8,50.44
Arkansas,29000,68,197000,197000,197.0,3885000,2017,62.5,50.26
Arkansas,28000,50,84000,84000,1.88,2632000,2018,61.2,64.32
Arkansas,20000,55,176000,176000,1.65,1815000,2019,61.2,65.65
Arkansas,20000,49,176000,176000,1.85,1813000,2020,61.2,63.82
Arkansas,17000,50,255000,255000,2.07,1760000,2021,61.3,50.23
California,410000,67,6318000,6318000,155.0,42579000,2010,57.7,31.18
California,370000,48,3730000,3730000,165.0,29304000,2011,57.4,18.79
California,330000,35,3119000,3119000,194.0,22407000,2012,59.5,23.45
California,330000,33,2505000,2505000,211.0,22978000,2013,59.3,7.93
California,320000,39,2995000,2995000,206.0,25709000,2014,61.5,19.9
California,275000,30,1485000,1485000,203.0,16748000,2015,60.8,15.04
California,310000,36,2009000,2009000,204.0,22766000,2016,60.1,25.73
California,335000,41,2198000,2198000,216.0,29668000,2017,60.3,28.17
California,335000,41,3022000,3022000,2.11,28981000,2018,60.1,18.09
California,335000,48,3216000,3216000,1.6,25728000,2019,58.4,29.12
California,320000,43,2752000,2752000,1.95,26832000,2020,60.5,12.07
California,290000,33,1627000,1627000,2.4,22968000,2021,60.4,18.93
Colorado,34000,56,533000,533000,152.0,2894000,2010,46.2,18.19
Colorado,31000,55,443000,443000,200.0,3410000,2011,45.4,17.62
Colorado,25000,48,468000,468000,207.0,2484000,2012,48.3,12.31
Colorado,26000,43,324000,324000,210.0,2348000,2013,45.1,18.79
Colorado,27000,37,200000,200000,211.0,2108000,2014,46.1,19.14
Colorado,29000,51,399000,399000,226.0,3343000,2015,47.4,21.73
Colorado,32000,40,282000,282000,224.0,2867000,2016,47.3,17.08
Colorado,33000,43,284000,284000,209.0,2966000,2017,47.9,18.91
Colorado,31000,48,283000,283000,2.05,3050000,2018,47.2,14.96
Colorado,32000,46,500000,500000,2.34,3444000,2019,45.3,18.91
Colorado,30000,41,455000,455000,2.39,2940000,2020,47.3,12.23
Colorado,29000,40,232000,232000,2.78,3225000,2021,47.5,17.1
Florida,200000,69,1794000,1794000,156.0,21528000,2010,69.2,48.12
Florida,180000,61,988000,988000,168.0,18446000,2011,71.7,46.77
Florida,193000,64,1235000,1235000,184.0,22728000,2012,71.9,55.09
Florida,220000,61,1074000,1074000,203.0,27243000,2013,71.7,56.87
Florida,245000,60,1029000,1029000,208.0,30576000,2014,70.6,59.13
Florida,220000,54,832000,832000,197.0,23404000,2015,73.4,52.86
Florida,215000,50,538000,538000,243.0,26123000,2016,72.5,53.41
Florida,205000,43,529000,529000,237.0,20892000,2017,72.8,58.63
Florida,215000,49,737000,737000,2.4,25284000,2018,72.3,60.52
Florida,205000,45,830000,830000,2.46,22694000,2019,73.2,52.1
Florida,192000,46,883000,883000,2.24,19784000,2020,73.2,57.98
Florida,193000,44,849000,849000,2.42,20551000,2021,72.2,55.38
Georgia,55000,46,152000,152000,167.0,4225000,2010,63.0,43.04
Georgia,65000,43,196000,196000,165.0,4612000,2011,64.6,40.11
Georgia,59000,51,181000,181000,192.0,5777000,2012,65.5,42.02
Georgia,67000,50,637000,637000,226.0,7571000,2013,63.4,63.49
Georgia,73000,62,362000,362000,219.0,9912000,2014,63.0,51.41
Georgia,69000,40,221000,221000,243.0,6707000,2015,65.3,55.74
Georgia,96000,39,899000,899000,269.0,10071000,2016,65.8,40.9
Georgia,99000,32,190000,190000,300.0,9504000,2017,65.8,49.8
Georgia,98000,34,200000,200000,2.76,9196000,2018,65.1,60.8
Georgia,102000,33,370000,370000,2.67,8987000,2019,66.2,47.89
Georgia,101000,34,412000,412000,2.52,8654000,2020,65.6,60.46
Georgia,96000,34,261000,261000,2.73,8911000,2021,64.6,57.14
Idaho,97000,27,1179000,1179000,161.0,4217000,2010,43.3,26.14
Idaho,87000,36,1879000,1879000,178.0,5575000,2011,42.4,24.69
Idaho,92000,32,530000,530000,163.0,4799000,2012,45.1,25.71
Idaho,83000,32,1036000,1036000,202.0,5365000,2013,43.7,17.64
Idaho,100000,34,850000,850000,203.0,6902000,2014,45.1,26.47
Idaho,89000,32,1082000,1082000,193.0,5497000,2015,46.4,22.52
Idaho,97000,34,1253000,1253000,182.0,6002000,2016,45.1,24.88
Idaho,95000,44,1045000,1045000,179.0,7482000,2017,44.3,28.83
Idaho,96000,31,655000,655000,1.96,5833000,2018,44.5,21.88
Idaho,92000,32,677000,677000,1.62,4769000,2019,43.0,23.41
Idaho,107000,35,637000,637000,1.76,6591000,2020,44.3,22.19
Idaho,100000,30,270000,270000,2.37,7110000,2021,45.4,21.01
Illinois,9000,41,92000,92000,278.0,1026000,2010,52.9,40.68
Illinois,7000,50,98000,98000,390.0,1365000,2011,53.2,46.1
Illinois,7000,61,145000,145000,355.0,1516000,2012,55.8,30.11
Illinois,7000,48,101000,101000,419.0,1408000,2013,51.1,42.49
Illinois,8000,49,94000,94000,411.0,1611000,2014,49.5,41.29
Illinois,8000,51,155000,155000,466.0,1901000,2015,52.9,48.8
Illinois,10000,48,77000,77000,542.0,2602000,2016,54.7,39.75
Illinois,11000,46,167000,167000,509.0,2576000,2017,54.4,37.8
Illinois,11000,41,108000,108000,4.83,2178000,2018,52.5,45.79
Illinois,11000,39,116000,116000,4.12,1767000,2019,52.1,49.86
Illinois,10000,52,156000,156000,5.65,2938000,2020,53.3,41.94
Illinois,10000,46,115000,115000,5.83,2682000,2021,53.8,41.01
Indiana,10000,43,151000,151000,223.0,959000,2010,52.6,37.39
Indiana,8000,51,147000,147000,214.0,873000,2011,53.1,55.2
Indiana,8000,59,203000,203000,254.0,1199000,2012,55.1,33.82
Indiana,6000,47,82000,82000,277.0,781000,2013,51.2,45.14
Indiana,5000,62,115000,115000,319.0,989000,2014,49.4,43.57
Indiana,6000,53,165000,165000,323.0,1027000,2015,52.3,47.51
Indiana,7000,62,208000,208000,346.0,1502000,2016,54.2,43.38
Indiana,8000,52,158000,158000,361.0,1502000,2017,54.0,45.61
Indiana,7000,46,106000,106000,3.58,1153000,2018,52.6,50.03
Indiana,9000,55,188000,188000,3.78,1871000,2019,52.4,49.52
Indiana,9000,55,149000,149000,3.91,1935000,2020,53.3,42.4
Indiana,10000,52,177000,177000,3.89,2023000,2021,53.5,45.46
Iowa,27000,49,463000,463000,192.0,2540000,2010,48.2,44.05
Iowa,25000,62,961000,961000,196.0,3038000,2011,48.4,31.83
Iowa,37000,61,1196000,1196000,217.0,4898000,2012,52.1,25.61
Iowa,39000,48,1217000,1217000,245.0,4586000,2013,46.7,34.44
Iowa,35000,43,933000,933000,241.0,3627000,2014,45.5,38.69
Iowa,36000,50,990000,990000,220.0,3960000,2015,49.3,42.53
Iowa,37000,48,746000,746000,208.0,3694000,2016,50.7,38.1
Iowa,35000,58,1035000,1035000,226.0,4588000,2017,50.0,32.36
Iowa,38000,49,1005000,1005000,2.4,4469000,2018,47.5,45.08
Iowa,38000,55,1170000,1170000,2.35,4912000,2019,46.8,41.63
Iowa,35000,58,1259000,1259000,2.54,5156000,2020,49.2,29.28
Iowa,38000,55,502000,502000,2.46,5141000,2021,50.0,30.84
Kansas,9000,52,103000,103000,202.0,945000,2010,55.3,27.84
Kansas,7000,44,117000,117000,215.0,662000,2011,55.2,24.17
Kansas,6000,55,125000,125000,228.0,752000,2012,58.2,19.29
Kansas,6000,46,39000,39000,250.0,690000,2013,53.7,29.03
Kansas,7000,75,84000,84000,238.0,1250000,2014,53.7,25.43
Kansas,8000,36,107000,107000,350.0,1008000,2015,56.3,32.78
Kansas,7000,48,54000,54000,304.0,1021000,2016,57.2,30.68
Kansas,7000,79,260000,260000,403.0,2229000,2017,56.5,29.03
Kansas,5000,73,95000,95000,3.1,1132000,2018,54.6,31.85
Kansas,7000,79,171000,171000,2.35,1300000,2019,53.8,36.03
Kansas,8000,62,164000,164000,3.25,1612000,2020,55.6,25.85
Kansas,7000,42,144000,144000,2.74,806000,2021,56.1,27.25
Kentucky,5000,67,67000,67000,272.0,911000,2010,56.0,43.54
Kentucky,4000,39,12000,12000,317.0,495000,2011,56.9,64.35
Kentucky,5000,51,41000,41000,315.0,803000,2012,58.4,43.21
Kentucky,3000,41,17000,17000,325.0,400000,2013,55.0,55.78
Kentucky,5000,47,56000,56000,396.0,931000,2014,54.3,47.11
Kentucky,5000,46,55000,55000,404.0,929000,2015,56.6,58.31
Kentucky,5000,46,48000,48000,402.0,925000,2016,57.9,49.19
Kentucky,5000,38,42000,42000,413.0,785000,2017,57.8,50.26
Kentucky,4000,41,34000,34000,5.43,891000,2018,57.0,63.74
Kentucky,6000,41,44000,44000,4.66,1146000,2019,57.5,61.32
Kentucky,7000,33,58000,58000,5.76,1331000,2020,57.1,58.11
Kentucky,7000,37,73000,73000,4.6,1191000,2021,57.0,53.39
Louisiana,36000,80,288000,288000,150.0,4320000,2010,66.5,41.76
Louisiana,36000,77,471000,471000,167.0,4629000,2011,67.7,43.01
Louisiana,41000,86,141000,141000,183.0,6453000,2012,68.7,62.88
Louisiana,50000,98,490000,490000,189.0,9261000,2013,66.3,61.43
Louisiana,48000,84,524000,524000,218.0,8790000,2014,65.1,55.94
Louisiana,44000,99,348000,348000,195.0,8494000,2015,68.1,67.31
Louisiana,50000,86,301000,301000,194.0,8342000,2016,68.7,67.08
Louisiana,43000,81,279000,279000,193.0,6722000,2017,68.7,64.06
Louisiana,45000,83,261000,261000,1.91,7134000,2018,67.8,66.39
Louisiana,54000,72,428000,428000,2.15,8359000,2019,67.7,61.87
Louisiana,33000,69,228000,228000,2.46,5601000,2020,68.2,66.96
Louisiana,37000,58,205000,205000,2.5,5365000,2021,67.5,66.28
Maine,5000,41,33000,33000,205.0,420000,2010,44.6,49.31
Maine,4000,30,17000,17000,198.0,238000,2011,42.8,50.04
Maine,4000,34,24000,24000,239.0,325000,2012,43.9,47.38
Maine,7000,43,27000,27000,314.0,945000,2013,42.0,45.61
Maine,8000,47,41000,41000,499.0,1876000,2014,41.2,49.45
Maine,10000,47,47000,47000,543.0,2552000,2015,41.2,43.16
Maine,12000,34,65000,65000,338.0,1379000,2016,43.3,41.36
Maine,12000,33,51000,51000,500.0,1980000,2017,42.4,45.32
Maine,12000,32,92000,92000,2.98,1144000,2018,41.8,46.45
Maine,15000,35,110000,110000,3.28,1722000,2019,40.7,49.99
Maine,10000,30,78000,78000,3.36,1008000,2020,43.5,40.63
Maine,11000,34,60000,60000,3.18,1189000,2021,44.2,39.75
Michigan,71000,58,1524000,1524000,167.0,6877000,2010,47.1,31.22
Michigan,74000,64,2084000,2084000,181.0,8572000,2011,45.6,36.82
Michigan,73000,57,1332000,1332000,203.0,8447000,2012,48.4,31.0
Michigan,85000,55,982000,982000,216.0,10098000,2013,44.1,38.23
Michigan,91000,63,1835000,1835000,249.0,14275000,2014,41.9,36.66
Michigan,90000,58,1984000,1984000,244.0,12737000,2015,45.1,31.74
Michigan,89000,60,1709000,1709000,237.0,12656000,2016,47.4,35.86
Michigan,87000,45,822000,822000,242.0,9474000,2017,46.3,39.27
Michigan,97000,44,768000,768000,2.49,10627000,2018,45.1,36.17
Michigan,94000,50,1363000,1363000,2.56,12032000,2019,43.9,41.83
Michigan,95000,47,1384000,1384000,2.95,13172000,2020,46.5,35.31
Michigan,101000,51,1957000,1957000,2.97,15298000,2021,47.4,32.88
Minnesota,128000,66,1774000,1774000,155.0,13094000,2010,42.8,33.44
Minnesota,120000,53,2099000,2099000,163.0,10367000,2011,42.0,24.35
Minnesota,125000,67,1591000,1591000,192.0,16080000,2012,45.2,26.17
Minnesota,130000,58,1282000,1282000,199.0,15005000,2013,39.3,29.01
Minnesota,132000,60,1426000,1426000,206.0,16315000,2014,38.6,29.12
Minnesota,122000,68,2157000,2157000,184.0,15265000,2015,43.5,29.46
Minnesota,124000,59,1390000,1390000,169.0,12364000,2016,44.6,33.54
Minnesota,126000,62,1016000,1016000,193.0,15077000,2017,42.6,28.3
Minnesota,119000,61,1161000,1161000,1.94,14082000,2018,40.6,30.08
Minnesota,118000,59,3063000,3063000,1.83,12740000,2019,39.3,35.66
Minnesota,108000,55,2495000,2495000,1.8,10692000,2020,42.4,24.4
Minnesota,125000,57,285000,285000,2.32,16530000,2021,44.3,23.57
Mississippi,16000,98,78000,78000,144.0,2258000,2010,63.5,43.91
Mississippi,18000,115,104000,104000,153.0,3167000,2011,64.5,52.84
Mississippi,18000,118,64000,64000,177.0,3759000,2012,65.7,59.17
Mississippi,17000,116,39000,39000,186.0,3668000,2013,63.1,62.93
Mississippi,20000,112,45000,45000,201.0,4502000,2014,62.3,58.22
Mississippi,15000,83,87000,87000,240.0,2988000,2015,65.3,60.57
Mississippi,19000,85,113000,113000,173.0,2794000,2016,65.9,53.13
Mississippi,18000,86,124000,124000,182.0,2817000,2017,65.8,58.93
Mississippi,20000,87,70000,70000,2.07,3602000,2018,64.8,66.81
Mississippi,22000,80,141000,141000,1.87,3291000,2019,65.2,68.06
Mississippi,25000,73,146000,146000,1.99,3632000,2020,65.5,68.84
Mississippi,25000,71,71000,71000,2.77,4917000,2021,64.7,65.5
Missouri,11000,52,92000,92000,180.0,1030000,2010,55.2,44.57
Missouri,8000,43,76000,76000,214.0,736000,2011,55.6,45.7
Missouri,7000,53,108000,108000,280.0,1039000,2012,58.6,31.03
Missouri,10000,47,85000,85000,262.0,1231000,2013,53.6,45.71
Missouri,12000,47,96000,96000,363.0,2047000,2014,52.9,39.32
Missouri,10000,52,52000,52000,355.0,1846000,2015,55.8,55.52
Missouri,8000,62,30000,30000,231.0,1146000,2016,57.4,39.44
Missouri,8000,65,57000,57000,370.0,1924000,2017,57.2,41.45
Missouri,9000,45,36000,36000,2.83,1146000,2018,55.2,43.0
Missouri,10000,43,73000,73000,3.35,1441000,2019,55.0,53.82
Missouri,9000,41,100000,100000,3.59,1325000,2020,55.8,46.34
Missouri,8000,35,92000,92000,3.99,1117000,2021,56.3,44.01
Montana,157000,74,2905000,2905000,158.0,18356000,2010,41.6,21.99
Montana,145000,92,3202000,3202000,170.0,22678000,2011,41.6,22.85
Montana,145000,52,2413000,2413000,195.0,14703000,2012,44.5,16.81
Montana,159000,94,5231000,5231000,209.0,31237000,2013,42.4,20.02
Montana,162000,88,5132000,5132000,209.0,29795000,2014,41.9,21.6
Montana,146000,83,3757000,3757000,194.0,23509000,2015,44.9,16.88
Montana,159000,77,3183000,3183000,177.0,21670000,2016,44.6,21.17
Montana,145000,72,2506000,2506000,221.0,23072000,2017,43.2,17.43
Montana,160000,92,3680000,3680000,1.9,27968000,2018,41.3,19.98
Montana,173000,86,5802000,5802000,1.49,22168000,2019,39.9,21.41
Montana,110000,81,3208000,3208000,1.61,14345000,2020,43.3,16.89
Montana,117000,57,1934000,1934000,2.17,14472000,2021,44.0,14.31
Nebraska,41000,55,902000,902000,151.0,3405000,2010,49.3,27.07
Nebraska,41000,59,653000,653000,175.0,4233000,2011,48.8,25.81
Nebraska,43000,65,1146000,1146000,193.0,5394000,2012,52.7,13.36
Nebraska,46000,60,1628000,1628000,207.0,5713000,2013,48.5,23.44
Nebraska,50000,75,1688000,1688000,204.0,7650000,2014,48.0,24.98
Nebraska,57000,48,1450000,1450000,204.0,5581000,2015,50.8,28.07
Nebraska,48000,46,640000,640000,191.0,4217000,2016,51.7,25.31
Nebraska,42000,63,423000,423000,191.0,5054000,2017,50.7,25.34
Nebraska,40000,59,850000,850000,2.01,4744000,2018,48.3,29.22
Nebraska,39000,52,223000,223000,1.44,2920000,2019,47.5,31.38
Nebraska,37000,52,250000,250000,1.69,3252000,2020,50.6,18.24
Nebraska,39000,47,550000,550000,2.17,3978000,2021,51.1,22.6
NewJersey,13000,35,73000,73000,190.0,865000,2010,54.7,44.6
NewJersey,11000,41,135000,135000,370.0,1669000,2011,54.9,63.95
NewJersey,14000,33,51000,51000,197.0,910000,2012,55.9,41.99
NewJersey,11000,44,34000,34000,419.0,2028000,2013,53.2,46.38
NewJersey,12000,30,119000,119000,313.0,1127000,2014,51.9,48.95
NewJersey,12000,27,207000,207000,420.0,1361000,2015,53.9,43.86
NewJersey,12000,27,198000,198000,709.0,2297000,2016,55.0,39.59
NewJersey,13000,28,167000,167000,874.0,3181000,2017,54.6,44.92
NewJersey,13000,31,165000,165000,7.47,3010000,2018,54.2,64.76
NewJersey,15000,28,155000,155000,4.68,1966000,2019,54.3,51.55
NewJersey,14000,31,91000,91000,4.32,1875000,2020,55.5,49.85
NewJersey,15000,35,158000,158000,3.27,1717000,2021,55.1,47.87
NewMexico,7000,66,157000,157000,158.0,730000,2010,54.2,14.82
NewMexico,7000,56,153000,153000,169.0,662000,2011,54.6,9.8
NewMexico,5000,52,99000,99000,339.0,881000,2012,56.0,8.41
NewYork,45000,64,1123000,1123000,196.0,5645000,2010,47.3,43.92
NewYork,49000,56,1235000,1235000,196.0,5378000,2011,47.1,55.71
NewYork,51000,51,988000,988000,223.0,5800000,2012,48.8,39.56
NewYork,55000,48,1030000,1030000,212.0,5597000,2013,45.7,43.99
NewYork,60000,55,1518000,1518000,283.0,9339000,2014,44.5,43.22
NewYork,58000,62,899000,899000,294.0,10572000,2015,45.7,40.64
NewYork,64000,57,1167000,1167000,319.0,11637000,2016,47.6,38.17
NewYork,57000,56,766000,766000,303.0,9672000,2017,46.9,47.38
NewYork,56000,48,833000,833000,3.24,8709000,2018,46.2,48.58
NewYork,59000,58,1027000,1027000,4.0,13688000,2019,45.2,48.22
NewYork,58000,56,844000,844000,3.13,10166000,2020,47.8,39.28
NewYork,57000,53,665000,665000,4.15,12537000,2021,47.7,46.25
NorthCarolina,13000,46,144000,144000,266.0,1591000,2010,59.0,46.27
NorthCarolina,14000,62,95000,95000,283.0,2456000,2011,60.4,45.99
NorthCarolina,13000,39,106000,106000,376.0,1906000,2012,60.7,46.62
NorthCarolina,10000,38,84000,84000,367.0,1395000,2013,58.6,56.45
NorthCarolina,12000,43,88000,88000,349.0,1801000,2014,58.4,50.08
NorthCarolina,12000,45,103000,103000,451.0,2435000,2015,60.5,58.32
NorthCarolina,12000,37,89000,89000,478.0,2122000,2016,60.8,50.61
NorthCarolina,11000,41,99000,99000,458.0,2066000,2017,61.0,47.96
NorthCarolina,10000,33,63000,63000,5.76,1901000,2018,60.4,68.35
NorthCarolina,14000,42,118000,118000,4.11,2417000,2019,61.3,51.14
NorthCarolina,12000,38,123000,123000,5.5,2508000,2020,60.8,66.55
NorthCarolina,13000,39,104000,104000,6.84,3468000,2021,60.2,47.6
NorthDakota,510000,91,12995000,12995000,150.0,69615000,2010,40.9,23.48
NorthDakota,460000,71,7512000,7512000,167.0,54542000,2011,40.7,21.44
NorthDakota,480000,69,5962000,5962000,192.0,63590000,2012,44.1,15.09
NorthDakota,480000,69,6955000,6955000,204.0,67565000,2013,38.8,23.28
NorthDakota,490000,86,9271000,9271000,199.0,83859000,2014,39.0,18.61
NorthDakota,490000,74,9428000,9428000,180.0,65268000,2015,43.4,17.72
NorthDakota,485000,78,6809000,6809000,185.0,69986000,2016,44.4,21.85
NorthDakota,455000,74,4377000,4377000,191.0,64310000,2017,42.0,12.99
NorthDakota,550000,72,4752000,4752000,1.87,74052000,2018,39.8,17.77
NorthDakota,520000,65,6422000,6422000,1.43,48334000,2019,38.0,24.39
NorthDakota,495000,78,8108000,8108000,1.59,61390000,2020,42.3,12.92
NorthDakota,515000,55,2266000,2266000,2.19,62032000,2021,43.8,15.63
Ohio,18000,62,346000,346000,228.0,2544000,2010,51.7,36.76
Ohio,15000,66,228000,228000,234.0,2317000,2011,52.3,55.95
Ohio,18000,60,410000,410000,246.0,2657000,2012,54.0,37.28
Ohio,17000,45,390000,390000,329.0,2517000,2013,50.9,41.69
Ohio,15000,61,256000,256000,358.0,3276000,2014,49.2,38.56
Ohio,17000,50,357000,357000,360.0,3060000,2015,51.6,43.01
Ohio,15000,79,664000,664000,393.0,4657000,2016,53.6,37.39
Ohio,15000,73,657000,657000,324.0,3548000,2017,53.2,45.51
Ohio,14000,73,491000,491000,3.72,3802000,2018,52.2,50.93
Ohio,15000,67,442000,442000,3.46,3477000,2019,52.4,46.87
Ohio,16000,75,576000,576000,3.5,4200000,2020,53.0,42.32
Ohio,16000,64,389000,389000,3.7,3789000,2021,53.2,41.68
Oregon,59000,39,874000,874000,163.0,3751000,2010,47.1,37.91
Oregon,60000,34,755000,755000,168.0,3427000,2011,46.3,30.68
Oregon,60000,32,845000,845000,216.0,4147000,2012,48.0,40.08
Oregon,62000,35,456000,456000,239.0,5186000,2013,47.6,22.72
Oregon,71000,40,767000,767000,220.0,6248000,2014,49.6,35.29
Oregon,71000,38,809000,809000,243.0,6556000,2015,50.4,30.17
Oregon,74000,35,622000,622000,191.0,4947000,2016,48.8,34.68
Oregon,78000,40,998000,998000,210.0,6552000,2017,48.0,36.22
Oregon,93000,35,1009000,1009000,2.36,7682000,2018,48.4,25.41
Oregon,87000,32,1141000,1141000,2.5,6960000,2019,47.1,30.03
Oregon,95000,29,1102000,1102000,2.4,6612000,2020,48.8,28.76
Oregon,86000,31,693000,693000,2.14,5705000,2021,49.2,28.51
Pennsylvania,30000,37,377000,377000,213.0,2364000,2010,50.1,42.31
Pennsylvania,24000,44,306000,306000,255.0,2693000,2011,50.4,61.0
Pennsylvania,16000,60,269000,269000,257.0,2467000,2012,51.8,43.49
Pennsylvania,13000,45,257000,257000,303.0,1773000,2013,49.0,41.82
Pennsylvania,17000,46,203000,203000,291.0,2276000,2014,47.4,42.43
Pennsylvania,17000,53,225000,225000,362.0,3262000,2015,49.5,43.1
Pennsylvania,19000,50,266000,266000,303.0,2879000,2016,50.9,39.0
Pennsylvania,16000,46,177000,177000,351.0,2583000,2017,50.6,46.61
Pennsylvania,19000,44,309000,309000,3.89,3252000,2018,49.8,64.04
Pennsylvania,19000,50,409000,409000,4.41,4190000,2019,49.9,50.78
Pennsylvania,19000,48,392000,392000,4.12,3757000,2020,51.2,43.26
Pennsylvania,20000,42,336000,336000,3.4,2856000,2021,51.2,46.11
SouthCarolina,9000,54,19000,19000,397.0,1929000,2014,62.2,47.03
SouthCarolina,14000,67,38000,38000,410.0,3846000,2015,64.5,60.66
SouthCarolina,16000,45,36000,36000,457.0,3290000,2016,64.9,46.25
SouthCarolina,16000,34,27000,27000,270.0,1469000,2017,65.1,46.57
SouthCarolina,16000,48,15000,15000,3.17,2435000,2018,64.3,57.3
SouthCarolina,16000,47,45000,45000,5.03,3783000,2019,65.0,46.03
SouthCarolina,16000,46,66000,66000,3.44,2532000,2020,64.6,59.87
SouthCarolina,16000,42,67000,67000,5.32,3575000,2021,63.7,47.47
SouthDakota,265000,58,4765000,4765000,151.0,23209000,2010,45.1,24.68
SouthDakota,250000,66,4290000,4290000,170.0,28050000,2011,44.8,22.13
SouthDakota,260000,63,3604000,3604000,195.0,31941000,2012,49.3,14.58
SouthDakota,265000,56,6381000,6381000,207.0,30719000,2013,44.0,24.94
SouthDakota,280000,87,5846000,5846000,208.0,50669000,2014,43.7,20.19
SouthDakota,290000,66,9379000,9379000,179.0,34261000,2015,47.5,22.78
SouthDakota,280000,71,12127000,12127000,176.0,34989000,2016,48.4,20.68
SouthDakota,255000,57,6541000,6541000,207.0,30087000,2017,46.8,17.63
SouthDakota,255000,47,5154000,5154000,1.91,22891000,2018,44.1,23.25
SouthDakota,270000,72,7582000,7582000,1.56,30326000,2019,42.3,31.4
SouthDakota,245000,61,8668000,8668000,1.77,26453000,2020,46.8,16.17
SouthDakota,250000,49,5268000,5268000,2.27,27808000,2021,48.0,18.15
Tennessee,8000,63,106000,106000,250.0,1260000,2010,57.9,49.65
Tennessee,7000,44,68000,68000,293.0,902000,2011,58.9,62.59
Tennessee,6000,61,59000,59000,293.0,1072000,2012,60.3,46.89
Tennessee,7000,45,63000,63000,355.0,1118000,2013,57.1,63.27
Tennessee,7000,63,88000,88000,376.0,1658000,2014,56.6,53.52
Tennessee,7000,59,78000,78000,404.0,1669000,2015,59.0,59.16
Tennessee,6000,55,69000,69000,488.0,1610000,2016,60.3,47.04
Tennessee,7000,41,75000,75000,457.0,1312000,2017,60.0,56.22
Tennessee,7000,46,84000,84000,4.11,1323000,2018,59.1,67.14
Tennessee,8000,57,91000,91000,4.72,2152000,2019,59.8,66.91
Tennessee,7000,51,54000,54000,4.23,1510000,2020,59.3,65.73
Tennessee,8000,56,81000,81000,5.0,2240000,2021,59.0,58.78
Texas,100000,72,792000,792000,151.0,10872000,2010,65.1,27.81
Texas,78000,58,633000,633000,178.0,8053000,2011,67.3,14.7
Texas,92000,52,718000,718000,200.0,9568000,2012,67.8,24.1
Texas,106000,59,1689000,1689000,210.0,13133000,2013,65.1,26.02
Texas,116000,78,2081000,2081000,224.0,20268000,2014,64.9,24.01
Texas,126000,66,1164000,1164000,210.0,17464000,2015,65.8,41.23
Texas,133000,70,2607000,2607000,208.0,19365000,2016,67.2,32.1
Texas,120000,66,2297000,2297000,217.0,17186000,2017,67.3,30.28
Texas,132000,56,1035000,1035000,2.12,15671000,2018,66.0,33.72
Texas,126000,60,1663000,1663000,2.32,17539000,2019,65.9,26.86
Texas,157000,57,1253000,1253000,2.0,17898000,2020,66.9,26.17
Texas,137000,56,384000,384000,2.3,17646000,2021,66.2,28.79
Utah,26000,30,195000,195000,153.0,1193000,2010,48.3,17.23
Utah,23000,39,170000,170000,175.0,1570000,2011,47.6,14.71
Utah,25000,38,209000,209000,187.0,1777000,2012,50.9,10.69
Utah,30000,34,92000,92000,209.0,2132000,2013,47.8,13.21
Utah,29000,28,130000,130000,213.0,1730000,2014,50.4,13.33
Utah,27000,42,147000,147000,192.0,2177000,2015,50.7,15.41
Utah,31000,32,169000,169000,193.0,1915000,2016,50.2,14.04
Utah,27000,31,67000,67000,208.0,1741000,2017,50.7,12.83
Utah,26000,41,75000,75000,2.1,2239000,2018,50.4,11.58
Utah,22000,29,89000,89000,1.97,1257000,2019,47.9,16.94
Utah,28000,34,171000,171000,2.02,1923000,2020,50.4,7.24
Utah,31000,33,92000,92000,2.18,2230000,2021,50.7,13.55
Vermont,4000,65,73000,73000,310.0,806000,2010,44.9,49.21
Vermont,4000,43,43000,43000,231.0,397000,2011,44.3,58.22
Vermont,4000,60,53000,53000,239.0,574000,2012,45.9,42.35
Vermont,3000,51,46000,46000,389.0,595000,2013,43.2,46.56
Vermont,3000,58,61000,61000,489.0,851000,2014,42.0,46.08
Vermont,5000,52,62000,62000,423.0,1100000,2015,42.6,42.44
Vermont,6000,52,69000,69000,364.0,1136000,2016,44.7,38.62
Vermont,7000,54,144000,144000,402.0,1520000,2017,43.8,46.3
Vermont,7000,48,94000,94000,3.76,1263000,2018,43.2,47.07
Vermont,6000,48,84000,84000,4.48,1290000,2019,41.9,51.4
Vermont,6000,47,96000,96000,3.94,1111000,2020,44.8,40.21
Vermont,7000,47,76000,76000,3.28,1079000,2021,45.0,41.61
Virginia,5000,37,37000,37000,332.0,614000,2010,55.9,41.74
Virginia,4000,40,21000,21000,407.0,651000,2011,57.0,48.3
Virginia,4000,41,23000,23000,377.0,618000,2012,57.6,40.05
Virginia,5000,35,42000,42000,450.0,788000,2013,55.1,51.37
Virginia,6000,41,57000,57000,468.0,1151000,2014,54.4,43.75
Virginia,6000,38,50000,50000,553.0,1261000,2015,56.5,49.76
Virginia,5000,38,30000,30000,585.0,1112000,2016,57.1,45.41
Virginia,6000,35,46000,46000,577.0,1212000,2017,57.3,41.56
Virginia,4000,40,35000,35000,7.24,1158000,2018,56.6,63.53
Virginia,5000,39,49000,49000,7.19,1402000,2019,57.5,46.0
Virginia,5000,40,54000,54000,6.03,1206000,2020,57.4,61.4
Virginia,6000,40,79000,79000,8.23,1975000,2021,57.1,40.86
Washington,71000,37,1077000,1077000,157.0,4124000,2010,47.1,47.32
Washington,71000,38,836000,836000,193.0,5207000,2011,45.5,43.82
Washington,62000,41,1017000,1017000,238.0,6050000,2012,47.1,52.87
Washington,69000,39,1023000,1023000,230.0,6189000,2013,47.2,35.68
Washington,68000,44,1167000,1167000,261.0,7809000,2014,48.4,48.8
Washington,73000,44,1221000,1221000,180.0,5782000,2015,50.0,43.25
Washington,84000,35,412000,412000,199.0,5851000,2016,48.6,49.14
Washington,77000,45,1594000,1594000,244.0,8455000,2017,46.8,48.73
Washington,77000,43,563000,563000,2.15,7119000,2018,48.1,41.32
Washington,81000,35,1191000,1191000,2.18,6180000,2019,46.5,33.07
Washington,98000,37,798000,798000,2.51,9101000,2020,48.1,45.25
Washington,96000,32,1206000,1206000,2.52,7741000,2021,48.3,43.87
WestVirginia,5000,40,40000,40000,239.0,478000,2010,52.1,42.43
WestVirginia,4000,53,45000,45000,257.0,545000,2011,53.5,55.1
WestVirginia,6000,48,95000,95000,291.0,838000,2012,54.3,44.62
WestVirginia,6000,46,83000,83000,366.0,1010000,2013,51.8,47.59
WestVirginia,6000,31,33000,33000,407.0,757000,2014,50.8,42.79
WestVirginia,5000,35,32000,32000,444.0,777000,2015,53.1,48.62
WestVirginia,5000,32,43000,43000,392.0,627000,2016,54.1,45.36
WestVirginia,6000,40,50000,50000,393.0,943000,2017,54.0,47.01
WestVirginia,6000,37,38000,38000,4.33,961000,2018,53.3,65.1
WestVirginia,6000,37,47000,47000,4.26,946000,2019,54.2,48.24
WestVirginia,6000,46,58000,58000,3.81,1052000,2020,54.0,53.77
WestVirginia,6000,43,136000,136000,4.8,1238000,2021,53.6,42.58
Wisconsin,64000,64,1556000,1556000,168.0,6881000,2010,45.5,39.02
Wisconsin,57000,63,1508000,1508000,189.0,6787000,2011,44.1,31.04
Wisconsin,60000,69,1863000,1863000,205.0,8487000,2012,47.4,28.8
Wisconsin,59000,60,1558000,1558000,238.0,8425000,2013,41.8,36.53
Wisconsin,53000,54,1030000,1030000,238.0,6812000,2014,40.2,37.08
Wisconsin,52000,67,1603000,1603000,243.0,8466000,2015,44.8,35.88
Wisconsin,54000,62,1205000,1205000,267.0,8939000,2016,46.2,39.39
Wisconsin,53000,56,683000,683000,282.0,8370000,2017,44.7,37.57
Wisconsin,51000,45,711000,711000,2.95,6770000,2018,43.2,39.74
Wisconsin,46000,47,692000,692000,3.0,6486000,2019,42.1,44.55
Wisconsin,45000,50,855000,855000,3.11,6998000,2020,44.8,34.19
Wisconsin,42000,47,750000,750000,2.81,5547000,2021,45.8,29.9
Wyoming,34000,36,282000,282000,159.0,1946000,2010,42.0,17.25
Wyoming,35000,54,265000,265000,172.0,3251000,2011,41.1,18.55
Wyoming,50000,51,459000,459000,187.0,4769000,2012,44.8,10.96
Wyoming,47000,66,558000,558000,211.0,6545000,2013,41.7,16.32
Wyoming,38000,61,255000,255000,208.0,4821000,2014,42.1,18.1
Wyoming,38000,77,146000,146000,190.0,5559000,2015,44.2,16.71
Wyoming,40000,68,190000,190000,178.0,4842000,2016,43.9,17.28
Wyoming,39000,53,186000,186000,161.0,3328000,2017,43.2,18.66
Wyoming,39000,56,175000,175000,1.91,4171000,2018,42.4,16.12
Wyoming,39000,56,306000,306000,1.43,3123000,2019,40.3,18.34
Wyoming,38000,40,608000,608000,1.71,2599000,2020,42.8,11.72
Wyoming,38000,58,242000,242000,2.07,4562000,2021,43.6,14.37
